8.123958333333333712e+02,5.391703251657463392e-03
8.135416666666667425e+02,5.371375267512548853e-03
8.146875000000000000e+02,5.311584125250667747e-03
8.158333333333333712e+02,5.240712801022376702e-03
8.169791666666667425e+02,6.238672658442709004e-03
8.181250000000000000e+02,4.956653360823295822e-03
8.192708333333333712e+02,4.853727878080527081e-03
8.204166666666667425e+02,4.889405325060828394e-03
8.215625000000000000e+02,4.708215868203324307e-03
8.227083333333333712e+02,4.657620546785595436e-03
8.238541666666667425e+02,4.586024295865433892e-03
8.250000000000000000e+02,4.541766385446119499e-03
8.261458333333333712e+02,4.486152859782059112e-03
8.272916666666667425e+02,4.453253228059115762e-03
8.284375000000000000e+02,4.462539684588971191e-03
8.295833333333333712e+02,4.462906415848373089e-03
8.307291666666667425e+02,4.498769859269601337e-03
8.318750000000000000e+02,4.499611514569063289e-03
8.330208333333333712e+02,4.497547048685436068e-03
8.341666666666667425e+02,4.555945819829702870e-03
8.353125000000000000e+02,4.631076890310147250e-03
8.364583333333333712e+02,4.458999327988626658e-03
8.376041666666667425e+02,5.001659433874462712e-03
8.387500000000000000e+02,4.764224105382212568e-03
8.398958333333333712e+02,4.436692676359076278e-03
8.410416666666667425e+02,4.509201673499038665e-03
8.421875000000000000e+02,4.632532920490169299e-03
8.433333333333333712e+02,4.815079282480958650e-03
8.444791666666667425e+02,4.878198814648678633e-03
8.456250000000000000e+02,5.076003612240661753e-03
8.467708333333333712e+02,4.855279792093995100e-03
8.479166666666667425e+02,4.776682865947669450e-03
8.490625000000000000e+02,4.814807288292578986e-03
8.502083333333333712e+02,4.857514318941259963e-03
8.513541666666667425e+02,4.944630329397551108e-03
8.525000000000000000e+02,5.084351784755100287e-03
8.536458333333333712e+02,5.290551715580397128e-03
8.547916666666667425e+02,5.551881876405531310e-03
8.559375000000000000e+02,5.849558878899597560e-03
8.570833333333333712e+02,6.216270121064876308e-03
8.582291666666667425e+02,6.447788008957852125e-03
8.593750000000000000e+02,6.712036436474871220e-03
8.605208333333333712e+02,6.860933775505259451e-03
8.616666666666667425e+02,6.784300831504828586e-03
8.628125000000000000e+02,6.451431939901126206e-03
8.639583333333333712e+02,6.104101936330524197e-03
8.651041666666667425e+02,5.716724865545634582e-03
8.662500000000000000e+02,5.317497079178694873e-03
8.673958333333333712e+02,4.956414445655390327e-03
8.685416666666667425e+02,4.635512167282045473e-03
8.696875000000000000e+02,4.420127149969469392e-03
8.708333333333333712e+02,4.294951129731260434e-03
8.719791666666667425e+02,4.247505633920792105e-03
8.731250000000000000e+02,4.287773282953868600e-03
8.742708333333333712e+02,4.383826655924387243e-03
8.754166666666667425e+02,4.537221109483957626e-03
8.765625000000000000e+02,4.719908074960405160e-03
8.777083333333333712e+02,4.915701646658943158e-03
8.788541666666667425e+02,5.126901813213045195e-03
8.800000000000000000e+02,5.347920490129744013e-03
8.811458333333333712e+02,5.615005427840332776e-03
8.822916666666667425e+02,5.925148685870196448e-03
8.834375000000000000e+02,6.231533916515366242e-03
8.845833333333333712e+02,6.552500789604618833e-03
8.857291666666667425e+02,6.823656171050598157e-03
8.868750000000000000e+02,7.042156911098879438e-03
8.880208333333333712e+02,7.195249920647251926e-03
8.891666666666667425e+02,7.232060940001954971e-03
8.903125000000000000e+02,7.136301078333571676e-03
8.914583333333333712e+02,6.903494901286514641e-03
8.926041666666667425e+02,6.556488665801038507e-03
8.937500000000000000e+02,6.166991210549177191e-03
8.948958333333333712e+02,5.784198960640783878e-03
8.960416666666667425e+02,5.475337490605070717e-03
8.971875000000000000e+02,5.185670757291350151e-03
8.983333333333333712e+02,5.005674145099042911e-03
8.994791666666667425e+02,4.838899469160711821e-03
9.006250000000000000e+02,4.663280388727597536e-03
9.017708333333333712e+02,4.462763933710740469e-03
9.029166666666667425e+02,4.319865868292316509e-03
9.040625000000000000e+02,4.168108924107000353e-03
9.052083333333333712e+02,4.005789256090038983e-03
9.063541666666667425e+02,3.864440385996092964e-03
9.075000000000000000e+02,3.725097942842725898e-03
9.086458333333333712e+02,3.560489868518347534e-03
9.097916666666667425e+02,3.416548522923982915e-03
9.109375000000000000e+02,3.309324514593782289e-03
9.120833333333333712e+02,3.165508383328196045e-03
9.132291666666667425e+02,3.064504459331736722e-03
9.143750000000000000e+02,3.001456314526146016e-03
9.155208333333333712e+02,2.932583145027900604e-03
9.166666666666667425e+02,2.923003913732998092e-03
9.178125000000000000e+02,2.940079032904851109e-03
9.189583333333333712e+02,2.982009375252201583e-03
9.201041666666667425e+02,3.066515404119203939e-03
9.212500000000000000e+02,3.124825027790194970e-03
9.223958333333333712e+02,3.241852357048883877e-03
9.235416666666667425e+02,3.419251554561826036e-03
9.246875000000000000e+02,3.682701471406078265e-03
9.258333333333333712e+02,4.023471250107952396e-03
9.269791666666667425e+02,4.399337960432350529e-03
9.281250000000000000e+02,4.792124579312093124e-03
9.292708333333333712e+02,5.175423510322294147e-03
9.304166666666667425e+02,5.517834605485863811e-03
9.327083333333333712e+02,5.829335193260112499e-03
9.338541666666667425e+02,5.954939807728959478e-03
9.350000000000000000e+02,5.959239483767113897e-03
9.361458333333333712e+02,5.851142742309973187e-03
9.372916666666667425e+02,5.719278109070869906e-03
9.384375000000000000e+02,5.605330690711857015e-03
9.395833333333333712e+02,5.514054207184231580e-03
9.407291666666667425e+02,5.507883383973743302e-03
9.418750000000000000e+02,5.437147258740918261e-03
9.430208333333333712e+02,5.402494193781592208e-03
9.441666666666667425e+02,5.310181622435259340e-03
9.453125000000000000e+02,5.159350901009423368e-03
9.464583333333333712e+02,4.937097755091529767e-03
9.476041666666667425e+02,4.691282116196917283e-03
9.476041666666667425e+02,4.423231977080581065e-03
9.487500000000000000e+02,4.159906256706803057e-03
9.498958333333333712e+02,4.002918181713597569e-03
9.510416666666667425e+02,4.018615309323605479e-03
9.533333333333333712e+02,4.227582487195473762e-03
9.533333333333333712e+02,4.547469118138188632e-03
9.544791666666667425e+02,4.975674264633182797e-03
9.556250000000000000e+02,6.190125805532730244e-03
9.567708333333333712e+02,5.906405550556971529e-03
9.579166666666667425e+02,6.342140069160781719e-03
9.590625000000000000e+02,6.673431697836537321e-03
9.602083333333333712e+02,6.960547490801503694e-03
9.613541666666667425e+02,7.149795546515709012e-03
9.625000000000000000e+02,7.290202671808459524e-03
9.636458333333333712e+02,7.402381594451166655e-03
9.647916666666667425e+02,7.453518869800114001e-03
9.670833333333333712e+02,7.571653793277794385e-03
9.682291666666667425e+02,7.641886037170587433e-03
9.693750000000000000e+02,7.424722049719767285e-03
9.705208333333333712e+02,7.350378719861058209e-03
9.716666666666667425e+02,7.168846476054560775e-03
9.728125000000000000e+02,6.907862043040407032e-03
9.739583333333333712e+02,6.611844204291885026e-03
9.751041666666667425e+02,6.278476363696540614e-03
9.762500000000000000e+02,5.912159130278330822e-03
9.773958333333333712e+02,5.578662100783604409e-03
9.785416666666667425e+02,5.294337358058086307e-03
9.796875000000000000e+02,5.074853672007883197e-03
9.808333333333333712e+02,4.968187088366062508e-03
9.819791666666667425e+02,4.964994633669214674e-03
9.831250000000000000e+02,5.082933207366946080e-03
9.842708333333333712e+02,5.313211974968571998e-03
9.854166666666667425e+02,5.623764073795453101e-03
9.865625000000000000e+02,5.998911760953893647e-03
9.877083333333333712e+02,6.236963145422929657e-03
9.888541666666667425e+02,6.297714948847761042e-03
9.900000000000000000e+02,6.154602939155032724e-03
9.911458333333333712e+02,5.858556398284415004e-03
9.922916666666667425e+02,5.512390335507781104e-03
9.934375000000000000e+02,5.177562826256688205e-03
9.945833333333333712e+02,4.879461655963673872e-03
9.957291666666667425e+02,4.617274201314635305e-03
9.968750000000000000e+02,4.451616156027827197e-03
9.980208333333333712e+02,4.418991330111055396e-03
9.991666666666667425e+02,4.480246116683126931e-03
1.000312500000000000e+03,4.624042799507678894e-03
1.001458333333333371e+03,4.886850782327684280e-03
1.002604166666666742e+03,5.066313491022585679e-03
1.003750000000000000e+03,5.239340672182121912e-03
1.004895833333333371e+03,5.405279611156676295e-03
1.006041666666666742e+03,5.594252757456473490e-03
1.007187500000000000e+03,5.787348092536091955e-03
1.008333333333333371e+03,6.062986639239821042e-03
1.009479166666666742e+03,6.435256553858119399e-03
1.010625000000000000e+03,6.968849277018069124e-03
1.011770833333333371e+03,7.532201105620219689e-03
1.012916666666666742e+03,8.001200258997228157e-03
1.014062500000000000e+03,8.258079185464516775e-03
1.015208333333333371e+03,8.317226329374772728e-03
1.016354166666666742e+03,8.330874311137510119e-03
1.017500000000000000e+03,8.436515341054242473e-03
1.018645833333333371e+03,8.670099295188981453e-03
1.019791666666666742e+03,9.009816926319155414e-03
1.020937500000000000e+03,9.347658803229623448e-03
1.022083333333333371e+03,9.631110924737089005e-03
1.023229166666666742e+03,9.812583765414871831e-03
1.024375000000000000e+03,9.916418562942940287e-03
1.025520833333333485e+03,1.001346982771958091e-02
1.026666666666666742e+03,1.008560437656533595e-02
1.027812500000000000e+03,1.013613662641655103e-02
1.028958333333333485e+03,1.016860739954597755e-02
1.030104166666666742e+03,1.016059883265814194e-02
1.031250000000000000e+03,1.011795435411499966e-02
1.032395833333333485e+03,1.009896436166397675e-02
1.033541666666666742e+03,1.005292673511829458e-02
1.034687500000000000e+03,9.987284970538978096e-03
1.035833333333333485e+03,9.894713693595406229e-03
1.036979166666666742e+03,9.901803955522630457e-03
1.038125000000000000e+03,9.995349780418837787e-03
1.039270833333333485e+03,1.019035256603242727e-02
1.040416666666666742e+03,1.044243829173205698e-02
1.041562500000000000e+03,1.071059977482521214e-02
1.042708333333333485e+03,1.102117846869959082e-02
1.043854166666666742e+03,1.131477620295610192e-02
1.045000000000000000e+03,1.157488491603195398e-02
1.046145833333333485e+03,1.183477392263593102e-02
1.047291666666666742e+03,1.206500464459872753e-02
1.048437500000000000e+03,1.226413528602259169e-02
1.049583333333333485e+03,1.239200458080149184e-02
1.050729166666666742e+03,1.241218286542041319e-02
1.051875000000000000e+03,1.230792075232197032e-02
1.053020833333333485e+03,1.207947276336517571e-02
1.054166666666666742e+03,1.177467577895207479e-02
1.055312500000000000e+03,1.141982308303806509e-02
1.056458333333333485e+03,1.101570747177944495e-02
1.057604166666666742e+03,1.061903448213203684e-02
1.058750000000000000e+03,1.023626568563552192e-02
1.059895833333333485e+03,9.834398774607316929e-03
1.061041666666666742e+03,9.405512000218930330e-03
1.062187500000000000e+03,9.042348616852054211e-03
1.063333333333333485e+03,8.739660032825035882e-03
1.064479166666666742e+03,8.488778838465211099e-03
1.065625000000000000e+03,8.389259445427902501e-03
1.066770833333333485e+03,8.302289178547193546e-03
1.067916666666666742e+03,8.325752804202489823e-03
1.069062500000000000e+03,8.360774586408034614e-03
1.070208333333333485e+03,8.311774569279572339e-03
1.071354166666666742e+03,8.143857390851827471e-03
1.072500000000000000e+03,7.857336471755155261e-03
1.073645833333333485e+03,7.491146957667618560e-03
1.074791666666666742e+03,7.122559014204559065e-03
1.075937500000000000e+03,6.774763924046937544e-03
1.077083333333333485e+03,6.449466122796490911e-03
1.078229166666666742e+03,6.141955526545607620e-03
1.079375000000000000e+03,5.868743367953625951e-03
1.080520833333333485e+03,5.628714222838298101e-03
1.081666666666666742e+03,5.426539247237815479e-03
1.082812500000000000e+03,5.253085290551044381e-03
1.083958333333333485e+03,5.068250989131220345e-03
1.085104166666666742e+03,4.884015996422040595e-03
1.086250000000000000e+03,4.851795334448366463e-03
1.087395833333333485e+03,4.658650727584638662e-03
1.088541666666666742e+03,4.648058461070163870e-03
1.089687500000000000e+03,4.761373708379128093e-03
1.090833333333333485e+03,4.940088998317893228e-03
1.091979166666666742e+03,5.202036308731212630e-03
1.093125000000000000e+03,5.464319483503064442e-03
1.094270833333333485e+03,5.727465601461552598e-03
1.095416666666666742e+03,5.906176969452148727e-03
1.096562500000000000e+03,6.044000894094236909e-03
1.097708333333333485e+03,6.113864532184551739e-03
1.098854166666666742e+03,6.139179888870367752e-03
1.100000000000000000e+03,6.211198240251422295e-03
1.101145833333333485e+03,6.290672228715146405e-03
1.102291666666666742e+03,6.395197870850390966e-03
1.103437500000000000e+03,6.518866625485672701e-03
1.104583333333333485e+03,6.612395211464189120e-03
1.105729166666666742e+03,6.700779828864527818e-03
1.106875000000000000e+03,6.781642835733024503e-03
1.108020833333333485e+03,6.848389057824179338e-03
1.109166666666666742e+03,6.914779894684328597e-03
1.110312500000000000e+03,6.951427979496621438e-03
1.111458333333333485e+03,6.944519333628100533e-03
1.112604166666666742e+03,6.918266385998794732e-03
1.113750000000000000e+03,6.854775844574106415e-03
1.114895833333333485e+03,6.744478477718242500e-03
1.116041666666666742e+03,6.609735614460410767e-03
1.117187500000000000e+03,6.484100053372810965e-03
1.118333333333333485e+03,6.333505187521485010e-03
1.119479166666666742e+03,6.181285192336590135e-03
1.120625000000000000e+03,6.025130791320829245e-03
1.121770833333333485e+03,5.891898319947964403e-03
1.122916666666666742e+03,5.777159011884813039e-03
1.124062500000000000e+03,5.697451493046437089e-03
1.125208333333333485e+03,5.664293331378517440e-03
1.126354166666666742e+03,5.686936133499542224e-03
1.127500000000000000e+03,5.738644703453228170e-03
1.128645833333333485e+03,5.851156904244049148e-03
1.129791666666666742e+03,5.999674846311822685e-03
1.130937500000000000e+03,6.225066916374495836e-03
1.132083333333333485e+03,6.500544370441600599e-03
1.133229166666666742e+03,6.814895821999405676e-03
1.134375000000000000e+03,7.166088936011867985e-03
1.135520833333333485e+03,7.499650581694316913e-03
1.136666666666666742e+03,7.832348306158469498e-03
1.137812500000000000e+03,8.175381730146216719e-03
1.138958333333333485e+03,8.325969062273492691e-03
1.140104166666666742e+03,8.363587607543744931e-03
1.141250000000000000e+03,8.256819645064330387e-03
1.142395833333333485e+03,8.009464634540783626e-03
1.143541666666666742e+03,7.661677932860117696e-03
1.144687500000000000e+03,7.232914523405244503e-03
1.145833333333333485e+03,6.791077284435618686e-03
1.146979166666666742e+03,6.352412317999310901e-03
1.148125000000000000e+03,5.958386976033542594e-03
1.149270833333333485e+03,5.657349373763020418e-03
1.150416666666666742e+03,5.450212974630690675e-03
1.151562500000000000e+03,5.364415790349148089e-03
1.152708333333333485e+03,5.399395517880814163e-03
1.153854166666666742e+03,5.543482392352119294e-03
1.155000000000000000e+03,5.770313815760477402e-03
1.156145833333333485e+03,6.062325561532015683e-03
1.157291666666666742e+03,6.361944324203210738e-03
1.158437500000000000e+03,6.641116740743066571e-03
1.159583333333333485e+03,6.863398635141906672e-03
1.160729166666666742e+03,6.970994773669646032e-03
1.161875000000000000e+03,6.948751205439480938e-03
1.163020833333333485e+03,6.845426414736240951e-03
1.164166666666666742e+03,6.645845945685612335e-03
1.165312500000000000e+03,6.415992087749409004e-03
1.166458333333333485e+03,6.154425622379737851e-03
1.167604166666666742e+03,5.883806628307131255e-03
1.168750000000000000e+03,5.606387611840033501e-03
1.169895833333333485e+03,5.358830821784018629e-03
1.171041666666666742e+03,5.124486576195052753e-03
1.172187500000000000e+03,4.891253370109126426e-03
1.173333333333333485e+03,4.751968731971185564e-03
1.174479166666666742e+03,4.654228320560446081e-03
1.175625000000000000e+03,4.620284624912440914e-03
1.176770833333333485e+03,4.594902306872002302e-03
1.177916666666666742e+03,4.573910129802060201e-03
1.179062500000000000e+03,4.547232781207023559e-03
1.180208333333333485e+03,4.492347534449727363e-03
1.181354166666666742e+03,4.435037110457431576e-03
1.182500000000000000e+03,4.365786037513867852e-03
1.183645833333333485e+03,4.296524243353228543e-03
1.184791666666666742e+03,4.230607893299023238e-03
1.185937500000000000e+03,4.181458065602246602e-03
1.187083333333333485e+03,4.182834209772748509e-03
1.188229166666666742e+03,4.212120156179528264e-03
1.189375000000000000e+03,4.281100762085265042e-03
1.190520833333333485e+03,4.375031273696059451e-03
1.191666666666666742e+03,4.474913305566987146e-03
1.192812500000000000e+03,4.591554001654517096e-03
1.193958333333333485e+03,4.664403679210055512e-03
1.195104166666666742e+03,4.710814831221243545e-03
1.196250000000000000e+03,4.706071333699450923e-03
1.197395833333333485e+03,4.650606398824689257e-03
1.198541666666666742e+03,4.576863724934421111e-03
1.199687500000000000e+03,4.480791501251562420e-03
1.200833333333333485e+03,4.373045371021110420e-03
1.201979166666666742e+03,4.292720976690046417e-03
1.203125000000000000e+03,4.210527244503582678e-03
1.204270833333333485e+03,4.145072179917759156e-03
1.205416666666666742e+03,4.102700718900245680e-03
1.207708333333333485e+03,4.083139815437818350e-03
1.208854166666666742e+03,4.108170092157032403e-03
1.210000000000000000e+03,4.156730278488383369e-03
1.211145833333333485e+03,4.227800798179667634e-03
1.212291666666666742e+03,4.325539351728506336e-03
1.212291666666666742e+03,4.416139546821490347e-03
1.213437500000000000e+03,4.527094149478405084e-03
1.215729166666666742e+03,4.632152093614229707e-03
1.216875000000000000e+03,4.762400558282830522e-03
1.218020833333333485e+03,4.915133295968371688e-03
1.218020833333333485e+03,5.062524279429932855e-03
1.219166666666666742e+03,5.251342609324331431e-03
1.220312500000000000e+03,5.455440211539366521e-03
1.221458333333333485e+03,5.630056680581273232e-03
1.222604166666666742e+03,5.800239282096307687e-03
1.223750000000000000e+03,5.900934902724951255e-03
1.224895833333333485e+03,5.941461819527225907e-03
1.226041666666666742e+03,5.917277991411230322e-03
1.227187500000000000e+03,5.886485020142070632e-03
1.228333333333333485e+03,5.876665363089931052e-03
1.229479166666666742e+03,5.905632251869968527e-03
1.230625000000000000e+03,6.008089786565574270e-03
1.231770833333333485e+03,6.156927094143765239e-03
1.232916666666666742e+03,6.361388210970666222e-03
1.234062500000000000e+03,6.626547808276619239e-03
1.235208333333333485e+03,6.915877828633831652e-03
1.236354166666666742e+03,7.233192371100080620e-03
1.237500000000000000e+03,7.561487873318539429e-03
1.238645833333333485e+03,7.895742429901786777e-03
1.239791666666666742e+03,8.178977170878579117e-03
1.242083333333333485e+03,8.462851083534500898e-03
1.243229166666666742e+03,8.618341279440871333e-03
1.244375000000000000e+03,8.674105042721570735e-03
1.245520833333333485e+03,8.616562890045031953e-03
1.246666666666666742e+03,8.474130586159376102e-03
1.247812500000000000e+03,8.242239689198878685e-03
1.248958333333333485e+03,7.955696945314828100e-03
1.250104166666666742e+03,7.618072937629374354e-03
1.251250000000000000e+03,7.285067973064180552e-03
1.252395833333333485e+03,6.932601338408731634e-03
1.253541666666666742e+03,6.602246699194899877e-03
1.254687500000000000e+03,6.299897641360007253e-03
1.255833333333333485e+03,6.016105743641422636e-03
1.256979166666666742e+03,5.763288524185609940e-03
1.258125000000000000e+03,5.558687701891670309e-03
1.259270833333333485e+03,5.382598067306568895e-03
1.260416666666666742e+03,5.295084982281936595e-03
1.261562500000000000e+03,5.308468350659754052e-03
1.262708333333333485e+03,5.446324188263594601e-03
1.263854166666666742e+03,5.724166047466570754e-03
1.265000000000000000e+03,6.012968634588423955e-03
1.266145833333333485e+03,6.255266350942939417e-03
1.267291666666666742e+03,6.440278255703683723e-03
1.267291666666666742e+03,6.547218854178068169e-03
1.269583333333333485e+03,6.608345738905461834e-03
1.269583333333333485e+03,6.621122462903873337e-03
1.271875000000000000e+03,6.655752898123787169e-03
