5.832291666666667425e+02,9.892750573478165631e-04
5.843750000000000000e+02,1.171803352682484036e-03
5.855208333333333712e+02,1.069689257361263997e-03
5.866666666666667425e+02,1.130516489207349356e-03
5.878125000000000000e+02,1.632720330973832807e-03
5.889583333333333712e+02,1.841612439438092535e-03
5.901041666666667425e+02,1.466519503914990577e-03
5.912500000000000000e+02,1.592032944321728621e-03
5.923958333333333712e+02,1.607810061144606837e-03
5.935416666666667425e+02,1.473016673206953243e-03
5.946875000000000000e+02,1.360888822150121838e-03
5.958333333333333712e+02,1.224099366756887424e-03
5.969791666666667425e+02,1.171301201718274922e-03
5.981250000000000000e+02,1.185157466907466517e-03
5.992708333333333712e+02,1.196601910757964966e-03
6.004166666666667425e+02,1.279076357015269429e-03
6.015625000000000000e+02,1.425430951947967602e-03
6.027083333333333712e+02,1.580388642746410627e-03
6.038541666666667425e+02,1.690405709862237210e-03
6.050000000000000000e+02,1.786007391663312505e-03
6.061458333333333712e+02,1.848700088690225082e-03
6.072916666666667425e+02,1.838352974990650410e-03
6.084375000000000000e+02,1.723586870315688482e-03
6.095833333333333712e+02,1.615564511962760486e-03
6.107291666666667425e+02,1.557411998639716142e-03
6.118750000000000000e+02,1.586584398893533913e-03
6.130208333333333712e+02,1.610076959908925348e-03
6.141666666666667425e+02,1.610267404852404284e-03
6.153125000000000000e+02,1.688255588936334213e-03
6.164583333333333712e+02,1.772649698623076763e-03
6.176041666666667425e+02,1.897428640673318482e-03
6.187500000000000000e+02,2.054357986765877053e-03
6.198958333333333712e+02,2.189890820486174554e-03
6.210416666666667425e+02,2.251528286490213967e-03
6.221875000000000000e+02,2.291003018571352145e-03
6.233333333333333712e+02,2.277170583995213101e-03
6.244791666666667425e+02,2.252390578772279182e-03
6.256250000000000000e+02,2.220907074451591422e-03
6.267708333333333712e+02,2.192760337516711823e-03
6.279166666666667425e+02,2.133632423175292007e-03
6.290625000000000000e+02,2.041247589712517040e-03
6.302083333333333712e+02,1.941234736194207824e-03
6.313541666666667425e+02,1.881968851595151957e-03
6.325000000000000000e+02,1.897318040377172577e-03
6.336458333333333712e+02,1.992567647774847860e-03
6.347916666666667425e+02,2.067098401186123671e-03
6.359375000000000000e+02,2.205122797119029969e-03
6.370833333333333712e+02,2.367410113989745941e-03
6.382291666666667425e+02,2.558229867911616245e-03
6.393750000000000000e+02,2.774581266442981316e-03
6.405208333333333712e+02,2.971895013803385090e-03
6.416666666666667425e+02,3.069722802792065018e-03
6.428125000000000000e+02,3.039052928348676130e-03
6.439583333333333712e+02,2.956010372465766364e-03
6.451041666666667425e+02,2.826636123856872233e-03
6.462500000000000000e+02,2.689463793436862229e-03
6.473958333333333712e+02,2.571269398943381961e-03
6.485416666666667425e+02,2.490952234807650590e-03
6.496875000000000000e+02,2.379264221275792252e-03
6.508333333333333712e+02,2.316578076586266102e-03
6.519791666666667425e+02,2.302105293309313939e-03
6.531250000000000000e+02,2.302105454074448651e-03
6.542708333333333712e+02,2.353262895243146604e-03
6.554166666666667425e+02,2.420770468653114620e-03
6.565625000000000000e+02,2.473635507766724136e-03
6.577083333333333712e+02,2.533443400302926897e-03
6.588541666666667425e+02,2.591146911365033688e-03
6.600000000000000000e+02,2.656071660587299137e-03
6.611458333333333712e+02,2.752869684459929508e-03
6.622916666666667425e+02,2.888231291567664328e-03
6.634375000000000000e+02,3.058214036450201435e-03
6.645833333333333712e+02,3.278447004840456466e-03
6.657291666666667425e+02,3.589253355017569744e-03
6.668750000000000000e+02,3.900397309503697736e-03
6.680208333333333712e+02,4.188839959036736067e-03
6.691666666666667425e+02,4.448265955101016363e-03
6.703125000000000000e+02,4.716206117993676158e-03
6.714583333333333712e+02,4.942464685967799636e-03
6.726041666666667425e+02,5.159020563975104737e-03
6.737500000000000000e+02,5.367898767937830801e-03
6.748958333333333712e+02,5.509844999298928181e-03
6.760416666666667425e+02,5.611300427882106971e-03
6.771875000000000000e+02,5.702293796626389626e-03
6.783333333333333712e+02,5.764783908311564738e-03
6.794791666666667425e+02,5.834281269611777537e-03
6.806250000000000000e+02,5.923643982100334354e-03
6.817708333333333712e+02,6.041261164311211365e-03
6.829166666666667425e+02,6.126799700859469032e-03
6.840625000000000000e+02,6.172630605040922008e-03
6.852083333333333712e+02,6.132207892712087174e-03
6.863541666666667425e+02,6.043427170999242197e-03
6.875000000000000000e+02,5.876486397177035394e-03
6.886458333333333712e+02,5.693107240334093107e-03
6.897916666666667425e+02,5.534422173942149525e-03
6.909375000000000000e+02,5.472825108857588480e-03
6.920833333333333712e+02,5.541983067252916235e-03
6.932291666666667425e+02,5.678045108549699231e-03
6.943750000000000000e+02,5.800138615229225893e-03
6.955208333333333712e+02,5.905866939645724144e-03
6.966666666666667425e+02,5.970006099944070305e-03
6.978125000000000000e+02,5.956371867989007293e-03
6.989583333333333712e+02,5.871314276564005945e-03
7.001041666666667425e+02,5.647111554547672337e-03
7.012500000000000000e+02,5.325685501406709696e-03
7.023958333333333712e+02,4.975504525689341401e-03
7.035416666666667425e+02,4.719058284990493811e-03
7.046875000000000000e+02,4.608924683602376449e-03
7.058333333333333712e+02,4.575633990325373747e-03
7.069791666666667425e+02,4.483302151685714977e-03
7.081250000000000000e+02,4.331021456129261968e-03
7.092708333333333712e+02,4.148565648303839323e-03
7.104166666666667425e+02,3.958635824846274028e-03
7.115625000000000000e+02,3.748832165827704552e-03
7.127083333333333712e+02,3.601697443699431421e-03
7.138541666666667425e+02,3.455810931275440576e-03
7.150000000000000000e+02,3.346474093340762526e-03
7.161458333333333712e+02,3.233270612021598659e-03
7.172916666666667425e+02,3.166771024989825829e-03
7.184375000000000000e+02,3.080327224384912018e-03
7.195833333333333712e+02,3.029335972204820308e-03
7.207291666666667425e+02,2.984393705174915104e-03
7.218750000000000000e+02,2.922707407781037752e-03
7.230208333333333712e+02,2.909746167341413677e-03
7.241666666666667425e+02,2.936248634495982907e-03
7.253125000000000000e+02,3.011452265573149809e-03
7.264583333333333712e+02,3.106588140042350517e-03
7.276041666666667425e+02,3.204725332330436889e-03
7.287500000000000000e+02,3.274766083974396582e-03
7.298958333333333712e+02,3.333029618232572714e-03
7.310416666666667425e+02,3.345900730918324305e-03
7.321875000000000000e+02,3.318390147760420707e-03
7.333333333333333712e+02,3.288525227146225915e-03
7.344791666666667425e+02,3.275692619881909878e-03
7.356250000000000000e+02,3.256591460671301539e-03
7.367708333333333712e+02,3.278469081853900395e-03
7.379166666666667425e+02,3.294020350437091172e-03
7.390625000000000000e+02,3.316367307640931145e-03
7.402083333333333712e+02,3.292715489716272186e-03
7.413541666666667425e+02,3.204181763001381217e-03
7.425000000000000000e+02,3.020918616238460475e-03
7.436458333333333712e+02,2.791738911811526662e-03
7.447916666666667425e+02,2.512266110865117412e-03
7.459375000000000000e+02,2.230306178128126874e-03
7.470833333333333712e+02,2.018772008044448195e-03
7.482291666666667425e+02,1.875181744702654214e-03
7.493750000000000000e+02,1.732935335649097609e-03
7.505208333333333712e+02,1.697607551717112166e-03
7.516666666666667425e+02,1.683376605364497128e-03
7.528125000000000000e+02,1.709007411217815242e-03
7.539583333333333712e+02,1.777375809639305778e-03
7.551041666666667425e+02,1.854227162901598636e-03
7.562500000000000000e+02,1.964078095255278669e-03
7.573958333333333712e+02,2.126820290420741895e-03
7.585416666666667425e+02,2.250393126172755241e-03
7.608333333333333712e+02,2.392685200867531673e-03
7.619791666666667425e+02,2.461577161183494886e-03
7.631250000000000000e+02,2.490327093458262909e-03
7.642708333333333712e+02,2.532841207897116708e-03
7.654166666666667425e+02,2.579461066304312208e-03
7.654166666666667425e+02,2.633044145943851371e-03
7.665625000000000000e+02,2.738700994398046706e-03
7.688541666666667425e+02,2.863249255292020165e-03
7.700000000000000000e+02,3.006531237292628476e-03
7.711458333333333712e+02,3.153910652391340823e-03
7.711458333333333712e+02,3.253249164075442627e-03
7.722916666666667425e+02,3.261537840626582349e-03
7.734375000000000000e+02,3.220216926729094643e-03
7.745833333333333712e+02,3.140919164946834666e-03
7.757291666666667425e+02,3.067904244110976428e-03
7.768750000000000000e+02,3.050484335571557095e-03
7.780208333333333712e+02,3.049744839506740666e-03
7.791666666666667425e+02,3.101556815146247481e-03
7.803125000000000000e+02,3.208423959750753875e-03
7.814583333333333712e+02,3.321583593639686367e-03
7.826041666666667425e+02,3.476841378153610468e-03
7.837500000000000000e+02,3.659851163415528495e-03
7.848958333333333712e+02,3.839190804139173355e-03
7.860416666666667425e+02,4.011656706729560019e-03
7.871875000000000000e+02,4.176184910542814210e-03
7.883333333333333712e+02,4.334873769943511229e-03
7.894791666666667425e+02,4.557495866700482165e-03
7.906250000000000000e+02,4.778392574310105778e-03
7.917708333333333712e+02,5.010512931621321706e-03
7.929166666666667425e+02,5.233989667801832585e-03
7.952083333333333712e+02,5.505470072099465442e-03
7.963541666666667425e+02,5.685101501815677250e-03
7.975000000000000000e+02,5.804812969543778935e-03
7.986458333333333712e+02,5.873174598025102632e-03
7.997916666666667425e+02,5.872138449138026954e-03
8.009375000000000000e+02,5.828679382507807351e-03
8.020833333333333712e+02,5.715824891186560737e-03
8.032291666666667425e+02,5.598854928835186179e-03
8.043750000000000000e+02,5.479690364228578456e-03
8.055208333333333712e+02,5.405556171522039356e-03
8.066666666666667425e+02,5.405018526895624502e-03
8.078125000000000000e+02,5.421783446308660499e-03
8.089583333333333712e+02,5.449687579299938682e-03
8.101041666666667425e+02,5.463785143838620351e-03
8.112500000000000000e+02,5.454932878762660739e-03
8.123958333333333712e+02,5.431220779962195148e-03
8.135416666666667425e+02,5.392818345318108920e-03
8.146875000000000000e+02,5.368639574065826696e-03
8.158333333333333712e+02,5.295501700151380650e-03
8.169791666666667425e+02,5.171521654861618161e-03
8.181250000000000000e+02,5.021625741228910762e-03
8.192708333333333712e+02,4.881069624904429451e-03
8.204166666666667425e+02,4.798876710798196006e-03
8.215625000000000000e+02,4.719831863553015407e-03
8.227083333333333712e+02,4.664943106634593904e-03
8.238541666666667425e+02,4.624160537261365160e-03
8.250000000000000000e+02,4.561790517504591726e-03
8.261458333333333712e+02,4.501769215434615543e-03
8.272916666666667425e+02,4.471342075700067420e-03
8.284375000000000000e+02,4.448051843245637120e-03
8.295833333333333712e+02,4.432095709835664685e-03
8.307291666666667425e+02,4.465625884734351729e-03
8.318750000000000000e+02,4.470003508849809681e-03
8.330208333333333712e+02,4.496381592164586279e-03
8.341666666666667425e+02,4.495410767114504762e-03
8.353125000000000000e+02,4.473021648271337421e-03
8.364583333333333712e+02,4.453484052019149146e-03
8.376041666666667425e+02,4.417136956342051883e-03
8.387500000000000000e+02,4.382402195848072654e-03
8.398958333333333712e+02,4.400886062565107296e-03
8.410416666666667425e+02,4.458992306813021334e-03
8.421875000000000000e+02,4.584014386891670581e-03
8.433333333333333712e+02,4.713199987837529172e-03
8.444791666666667425e+02,4.773204771453515294e-03
8.456250000000000000e+02,4.799886375367027128e-03
8.467708333333333712e+02,4.790356084588583488e-03
8.479166666666667425e+02,4.774978802589191322e-03
8.490625000000000000e+02,4.790740986166525973e-03
8.502083333333333712e+02,4.833017377463142555e-03
8.513541666666667425e+02,4.905482208318326202e-03
8.525000000000000000e+02,5.032735129442302349e-03
8.536458333333333712e+02,5.194734145922779399e-03
8.547916666666667425e+02,5.397345742890635734e-03
8.559375000000000000e+02,5.649690158049032809e-03
8.570833333333333712e+02,5.963634962316966340e-03
8.582291666666667425e+02,6.292180999594478019e-03
8.593750000000000000e+02,6.620435840452807211e-03
8.605208333333333712e+02,6.816929070652519643e-03
8.616666666666667425e+02,6.838065863029525390e-03
8.628125000000000000e+02,6.651346816341848107e-03
8.639583333333333712e+02,6.276018820095769467e-03
8.651041666666667425e+02,5.890250880460864459e-03
8.662500000000000000e+02,5.504844116581350533e-03
8.673958333333333712e+02,5.116345463588718202e-03
8.685416666666667425e+02,4.775661647102705243e-03
8.696875000000000000e+02,4.530375855778821619e-03
8.708333333333333712e+02,4.343116783104035775e-03
8.719791666666667425e+02,4.265554446805164442e-03
8.731250000000000000e+02,4.277052061732736048e-03
8.742708333333333712e+02,4.353171083426646965e-03
8.754166666666667425e+02,4.486509106391965186e-03
8.765625000000000000e+02,4.649688493899932148e-03
8.777083333333333712e+02,4.855839836038538561e-03
8.788541666666667425e+02,5.062079557643420734e-03
8.800000000000000000e+02,5.277619498614246132e-03
8.811458333333333712e+02,5.513962736063778361e-03
8.822916666666667425e+02,5.812255905919672290e-03
8.834375000000000000e+02,6.126656714716122512e-03
8.845833333333333712e+02,6.432690340284035781e-03
8.857291666666667425e+02,6.733377932509450325e-03
8.868750000000000000e+02,6.974851765404296161e-03
8.880208333333333712e+02,7.172404431825364808e-03
8.891666666666667425e+02,7.258225202846362197e-03
8.903125000000000000e+02,7.212668336085458279e-03
8.914583333333333712e+02,7.029690921210733461e-03
8.926041666666667425e+02,6.721364339296314640e-03
8.937500000000000000e+02,6.345222855648664090e-03
8.948958333333333712e+02,5.956465139391880180e-03
8.960416666666667425e+02,5.599758037098304282e-03
8.971875000000000000e+02,5.347271846148433233e-03
8.983333333333333712e+02,5.073248528274843829e-03
8.994791666666667425e+02,4.917290146481853065e-03
9.006250000000000000e+02,4.754942605154759486e-03
9.017708333333333712e+02,4.546408421243948624e-03
9.029166666666667425e+02,4.349617160011616870e-03
9.040625000000000000e+02,4.181050114877186280e-03
9.052083333333333712e+02,4.054873268256438401e-03
9.063541666666667425e+02,3.923537136206018197e-03
9.075000000000000000e+02,3.774150666633868754e-03
9.086458333333333712e+02,3.627581676359676113e-03
9.097916666666667425e+02,3.468579979513022188e-03
9.109375000000000000e+02,3.348653421690854157e-03
9.120833333333333712e+02,3.220759461033568648e-03
9.132291666666667425e+02,3.087202798200898868e-03
9.143750000000000000e+02,3.030099940224982580e-03
9.155208333333333712e+02,2.949377099675860002e-03
9.166666666666667425e+02,2.928592853432665077e-03
9.178125000000000000e+02,2.945281634773956603e-03
9.189583333333333712e+02,2.976114449254762054e-03
9.201041666666667425e+02,3.030626427691108030e-03
9.212500000000000000e+02,3.101787427763318204e-03
9.223958333333333712e+02,3.193376921704026410e-03
9.235416666666667425e+02,3.355037342486363438e-03
9.246875000000000000e+02,3.566107672241783291e-03
9.258333333333333712e+02,3.865970300320767210e-03
9.269791666666667425e+02,4.234815311366160566e-03
9.281250000000000000e+02,4.636953471482881464e-03
9.292708333333333712e+02,5.029089208449890637e-03
9.304166666666667425e+02,5.390621016995491774e-03
9.315625000000000000e+02,5.696088940054145830e-03
9.327083333333333712e+02,5.933926904294742344e-03
9.338541666666667425e+02,5.974269192392762245e-03
9.350000000000000000e+02,5.914349224255292456e-03
9.361458333333333712e+02,5.789918764539651007e-03
9.372916666666667425e+02,5.648395271551222112e-03
9.384375000000000000e+02,5.541458644924635371e-03
9.395833333333333712e+02,5.470472463470915821e-03
9.407291666666667425e+02,5.456277706614222692e-03
9.418750000000000000e+02,5.417403257681061707e-03
9.430208333333333712e+02,5.366329813566763848e-03
9.441666666666667425e+02,5.235753177626755427e-03
9.453125000000000000e+02,5.047140293989818907e-03
9.464583333333333712e+02,4.804519470845270042e-03
9.476041666666667425e+02,4.531200118584880615e-03
9.487500000000000000e+02,4.263869351853295624e-03
9.498958333333333712e+02,4.059800944099583794e-03
9.510416666666667425e+02,4.003731004746484412e-03
9.521875000000000000e+02,4.136983313330653417e-03
9.533333333333333712e+02,4.403792193465233540e-03
9.544791666666667425e+02,4.793808598327202117e-03
9.556250000000000000e+02,5.264647064728157633e-03
9.567708333333333712e+02,5.727884353009807944e-03
9.579166666666667425e+02,6.169895563126920855e-03
9.590625000000000000e+02,6.552543976384100390e-03
9.602083333333333712e+02,6.853288723228867334e-03
9.613541666666667425e+02,7.085769881402081104e-03
9.625000000000000000e+02,7.240391927236422727e-03
9.636458333333333712e+02,7.351787870036652350e-03
9.647916666666667425e+02,7.427208528062147208e-03
9.659375000000000000e+02,7.466573353808657505e-03
9.670833333333333712e+02,7.478596509280402253e-03
9.682291666666667425e+02,7.434213001609892187e-03
9.693750000000000000e+02,7.337704157969521593e-03
9.705208333333333712e+02,7.218257038493693101e-03
9.716666666666667425e+02,7.012893136013075880e-03
9.728125000000000000e+02,6.741085165313051401e-03
9.739583333333333712e+02,6.402774114240139883e-03
9.751041666666667425e+02,6.049994613101870866e-03
9.762500000000000000e+02,5.707005778077687587e-03
9.773958333333333712e+02,5.398123194591491689e-03
9.785416666666667425e+02,5.165693384223851367e-03
9.796875000000000000e+02,5.013345708227064448e-03
9.808333333333333712e+02,4.964247623970326553e-03
9.819791666666667425e+02,5.044351497138021591e-03
9.831250000000000000e+02,5.230166014605768486e-03
9.842708333333333712e+02,5.526713144607559372e-03
9.854166666666667425e+02,5.890940604476560712e-03
9.865625000000000000e+02,6.212005914074266409e-03
9.877083333333333712e+02,6.350910985328640269e-03
9.888541666666667425e+02,6.277067279093785299e-03
9.900000000000000000e+02,6.010967137787021249e-03
9.911458333333333712e+02,5.668783180241586568e-03
9.922916666666667425e+02,5.315508092276901436e-03
9.934375000000000000e+02,4.988056007297525692e-03
9.945833333333333712e+02,4.707145054184388999e-03
9.957291666666667425e+02,4.526119906925234020e-03
9.968750000000000000e+02,4.493389899794307182e-03
9.980208333333333712e+02,4.459198551923755985e-03
9.991666666666667425e+02,4.577130482664024634e-03
1.000312500000000000e+03,4.804805395687953423e-03
1.001458333333333371e+03,5.011162649236513937e-03
1.002604166666666742e+03,5.231826370831577436e-03
1.003750000000000000e+03,5.382118893125275097e-03
1.004895833333333371e+03,5.572816037771296041e-03
1.006041666666666742e+03,5.721520023568067541e-03
1.007187500000000000e+03,5.993408925033794771e-03
1.008333333333333371e+03,6.308888476854239598e-03
1.009479166666666742e+03,6.775362160335259877e-03
1.010625000000000000e+03,7.373475493056108956e-03
1.011770833333333371e+03,7.860124989089433203e-03
1.012916666666666742e+03,8.230668175984480472e-03
1.014062500000000000e+03,8.328487628462751327e-03
1.015208333333333371e+03,8.453330991322116628e-03
1.016354166666666742e+03,8.434014869986700830e-03
1.017500000000000000e+03,8.580512096063939997e-03
1.018645833333333371e+03,8.908720581849412581e-03
1.019791666666666742e+03,9.289502530355120760e-03
1.020937500000000000e+03,9.550315915318503476e-03
1.022083333333333371e+03,9.773583498028474981e-03
1.023229166666666742e+03,9.886336094787801648e-03
1.024375000000000000e+03,9.966562242013452672e-03
1.025520833333333485e+03,1.006209790299015042e-02
1.026666666666666742e+03,1.011408947864303291e-02
1.027812500000000000e+03,1.013414166779146551e-02
1.028958333333333485e+03,1.015908911621440404e-02
1.030104166666666742e+03,1.013845421937606232e-02
1.031250000000000000e+03,1.010359359067121085e-02
1.032395833333333485e+03,1.006495439126878569e-02
1.033541666666666742e+03,1.002239343466825548e-02
1.034687500000000000e+03,9.922732485441098857e-03
1.035833333333333485e+03,9.893334693828486140e-03
1.036979166666666742e+03,9.952908064659485993e-03
1.038125000000000000e+03,1.012060615006078572e-02
1.039270833333333485e+03,1.036100409630734583e-02
1.040416666666666742e+03,1.062655919350808525e-02
1.041562500000000000e+03,1.091751445534327666e-02
